version 2
run General-0-20110408-10:36:49-2560
attr configname General
attr datetime 20110408-10:36:49
attr experiment General
attr inifile /home/surkesd/omnet_worksp/SwicthNet/src/omnetpp.ini
attr iterationvars ""
attr iterationvars2 $repetition=0
attr measurement ""
attr network LanNet
attr processid 2560
attr repetition 0
attr replication #0
attr resultdir results
attr runnumber 0
attr seedset 0

vector 2  LanNet.host[2].app  "Arrival Time"  ETV
vector 0  LanNet.host[0].app  "Arrival Time"  ETV
vector 3  LanNet.host[3].app  "Arrival Time"  ETV
vector 1  LanNet.host[1].app  "Arrival Time"  ETV
0	32	0.269722966543	0.269722966543
0	48	0.376970589412	0.107247622869
0	72	0.415230771661	0.038260182249
0	96	0.55807588562	0.142845113959
0	104	0.589341410616	0.031265524996
0	176	1.18519193859	0.595850527974
0	208	1.326368270311	0.141176331721
0	216	1.367885369544	0.041517099233
0	272	1.816509263413	0.448623893869
0	280	1.918303276996	0.101794013583
0	312	2.185760216261	0.267456939265
0	320	2.189783852694	0.004023636433
0	440	3.142577327386	0.952793474692
0	448	3.148670413022	0.006093085636
0	464	3.244521041427	0.095850628405
0	472	3.290287014817	0.04576597339
0	520	3.889666430224	0.599379415407
0	536	4.227050954741	0.337384524517
0	552	4.257697405486	0.030646450745
0	600	4.645335978994	0.387638573508
0	617	4.833577233844	0.18824125485
0	633	4.962964466606	0.129387232762
0	729	5.634146006646	0.67118154004
0	761	5.671254426034	0.037108419388
0	793	6.303672806039	0.632418380005
0	858	6.859211163983	0.555538357944
0	886	7.12797528617	0.268764122187
0	894	7.139874884596	0.011899598426
0	910	7.219660668714	0.079785784118
0	926	7.297304442169	0.077643773455
0	950	7.837877700978	0.540573258809
0	958	8.032415534613	0.194537833635
0	966	8.213238979047	0.180823444434
0	982	8.405422723997	0.19218374495
0	1030	8.785012231402	0.379589507405
0	1062	8.921449333249	0.136437101847
0	1070	8.922444441806	0.000995108557
0	1174	10.272934127445	1.350489685639
0	1225	10.574333069807	0.301398942362
0	1242	10.614488303267	0.04015523346
0	1266	10.647477458139	0.032989154872
0	1306	10.756469031811	0.108991573672
0	1315	10.89938131059	0.142912278779
0	1379	11.246307723403	0.346926412813
0	1460	11.592250669721	0.345942946318
0	1484	12.127115869736	0.534865200015
0	1604	13.582693986135	1.455578116399
0	1620	13.602098265971	0.019404279836
0	1636	13.688651851022	0.086553585051
0	1652	13.744014866219	0.055363015197
0	1668	13.924148517434	0.180133651215
0	1805	15.247446460131	1.323297942697
0	1813	15.267268744079	0.019822283948
0	1869	15.499287173678	0.232018429599
0	1885	15.642233443969	0.142946270291
0	1893	15.698790473244	0.056557029275
0	1901	15.773385330706	0.074594857462
0	1933	16.137393069237	0.364007738531
0	1941	16.460708843599	0.323315774362
0	1989	16.919078765603	0.458369922004
0	2006	17.169650855512	0.250572089909
0	2150	18.365721933509	1.196071077997
0	2158	18.43633456546	0.070612631951
0	2182	18.695317356087	0.258982790627
0	2198	18.942311400019	0.246994043932
0	2214	18.979436678509	0.03712527849
0	2230	19.184524789508	0.205088110999
0	2270	19.632357190326	0.447832400818
0	2278	19.671039692138	0.038682501812
0	2392	20.585055146236	0.914015454098
0	2411	20.706362942943	0.121307796707
0	2427	20.899260418883	0.19289747594
0	2508	21.679161088486	0.779900669603
0	2525	21.772195801465	0.093034712979
0	2582	22.704051943638	0.931856142173
0	2590	22.760231777287	0.056179833649
0	2614	23.032274409478	0.272042632191
0	2694	23.874771966682	0.842497557204
0	2710	23.941127805224	0.066355838542
0	2734	24.180583351102	0.239455545878
0	2854	25.293319691409	1.112736340307
0	2918	25.793981468207	0.500661776798
0	2950	25.927475826987	0.13349435878
0	2966	26.034253421065	0.106777594078
0	2982	26.187029020664	0.152775599599
0	3054	26.93754434718	0.750515326516
0	3150	28.013274085371	1.075729738191
0	3174	28.09641744405	0.083143358679
0	3190	28.211824518571	0.115407074521
0	3230	28.530263129459	0.318438610888
0	3254	28.807752978554	0.277489849095
0	3262	28.818152926468	0.010399947914
0	3310	29.404453381977	0.586300455509
0	3326	29.587449843359	0.182996461382
0	3366	29.87278829448	0.285338451121
0	3374	30.120644278939	0.247855984459
0	3398	30.318830118964	0.198185840025
0	3472	30.972655382337	0.653825263373
0	3546	31.88481034949	0.912154967153
0	3554	31.912102505106	0.027292155616
0	3570	32.181228213439	0.269125708333
0	3587	32.438258199884	0.257029986445
0	3630	32.788704992951	0.350446793067
0	3646	33.152543070869	0.363838077918
0	3654	33.168321761978	0.015778691109
0	3678	33.344870226265	0.176548464287
0	3726	33.750415155336	0.405544929071
0	3743	33.933561124662	0.183145969326
0	3775	34.284133553546	0.350572428884
0	3800	34.646294021816	0.36216046827
0	3810	34.851585148284	0.205291126468
0	3873	35.374363434402	0.522778286118
0	3889	35.47718927216	0.102825837758
0	3897	35.521130845925	0.043941573765
0	3945	35.73294723959	0.211816393665
0	3969	36.011400431611	0.278453192021
0	4049	36.641134233351	0.62973380174
0	4057	36.684293939788	0.043159706437
0	4121	37.031045299944	0.346751360156
0	4129	37.044232919323	0.013187619379
0	4161	37.164191638561	0.119958719238
0	4169	37.211907075257	0.047715436696
0	4185	37.323491401784	0.111584326527
0	4201	37.40159088663	0.078099484846
0	4233	37.87628935387	0.47469846724
0	4322	39.077278873552	1.200989519682
0	4330	39.082543545495	0.005264671943
0	4455	40.053302483212	0.970758937717
0	4471	40.150001841258	0.096699358046
0	4487	40.309513364791	0.159511523533
0	4503	40.49111637622	0.181603011429
0	4527	40.557841759221	0.066725383001
0	4593	41.143039878705	0.585198119484
0	4652	41.643497858537	0.500457979832
0	4692	41.98138580201	0.337887943473
0	4700	42.213600963688	0.232215161678
0	4716	42.349490911283	0.135889947595
0	4732	42.446530245908	0.097039334625
0	4822	43.36788534663	0.921355100722
0	4886	44.324095679615	0.956210332985
0	4902	44.376885278746	0.052789599131
0	4979	45.50281155387	1.125926275124
0	4996	45.691500956456	0.188689402586
0	5004	45.857853815403	0.166352858947
0	5053	46.603205515391	0.745351699988
0	5061	46.657420584116	0.054215068725
0	5085	46.99412970605	0.336709121934
0	5101	47.114511406948	0.120381700898
0	5109	47.207936762607	0.093425355659
0	5154	47.95693323115	0.748996468543
0	5186	48.195815397458	0.238882166308
0	5226	48.392495940925	0.196680543467
0	5234	48.586823683498	0.194327742573
0	5242	48.752784548302	0.165960864804
0	5291	49.079306415527	0.326521867225
0	5299	49.243524646285	0.164218230758
0	5339	49.596799851115	0.35327520483
0	5403	50.231758868672	0.634959017557
0	5419	50.410473901759	0.178715033087
0	5435	50.436699867734	0.026225965975
0	5451	50.502586750372	0.065886882638
0	5523	51.108105014904	0.605518264532
0	5555	51.209972303278	0.101867288374
0	5563	51.210819020536	0.000846717258
0	5571	51.303881459965	0.093062439429
0	5645	52.156867638075	0.85298617811
0	5653	52.206500736601	0.049633098526
0	5670	52.42204220809	0.215541471489
0	5721	53.169247293922	0.747205085832
0	5740	53.422096848032	0.25284955411
0	5774	53.859352001614	0.437255153582
0	5792	53.927249948907	0.067897947293
0	5848	54.389124731846	0.461874782939
0	5872	54.884291940428	0.495167208582
0	5888	55.045705326059	0.161413385631
0	5896	55.367459299097	0.321753973038
0	5960	55.797801748987	0.43034244989
0	5976	55.967420758063	0.169619009076
0	5992	56.362815111932	0.395394353869
0	6000	56.410862485283	0.048047373351
0	6141	58.097216921894	1.686354436611
0	6149	58.121038577045	0.023821655151
0	6197	58.398311392996	0.277272815951
0	6221	58.514212854484	0.115901461488
0	6245	58.697646395578	0.183433541094
0	6317	59.392537363954	0.694890968376
0	6349	59.510509641993	0.117972278039
0	6381	59.66926583078	0.158756188787
0	6397	60.074471215014	0.405205384234
0	6413	60.09379266823	0.019321453216
0	6421	60.189717051124	0.095924382894
0	6429	60.194612126212	0.004895075088
0	6462	60.530010161651	0.335398035439
0	6486	60.977413296286	0.447403134635
0	6502	61.002186744994	0.024773448708
0	6606	62.138556850514	1.13637010552
0	6622	62.201275938996	0.062719088482
0	6670	62.830883858928	0.629607919932
0	6686	63.003635118646	0.172751259718
0	6695	63.16494004224	0.161304923594
0	6770	63.663111764294	0.498171722054
0	6794	63.834271446385	0.171159682091
0	6851	63.936592748197	0.102321301812
0	6892	64.417549844671	0.480957096474
0	6900	64.428682869817	0.011133025146
0	6956	64.818910394434	0.390227524617
0	6964	64.914627693408	0.095717298974
0	6988	65.009021685208	0.0943939918
0	7036	65.346126590117	0.337104904909
0	7167	67.440119244522	2.093992654405
0	7227	67.714287643541	0.274168399019
0	7267	68.114269873646	0.399982230105
0	7275	68.230614199664	0.116344326018
0	7283	68.266961739382	0.036347539718
0	7299	68.326933774112	0.05997203473
0	7358	68.834761337899	0.507827563787
0	7422	69.149003749794	0.314242411895
0	7430	69.150160086091	0.001156336297
0	7454	69.209347466301	0.05918738021
0	7462	69.42334943917	0.214001972869
0	7470	69.570053732985	0.146704293815
0	7478	69.638816331698	0.068762598713
0	7494	69.733412863661	0.094596531963
0	7502	69.926754789298	0.193341925637
0	7534	70.055193925807	0.128439136509
0	7575	70.637232885584	0.582038959777
0	7615	70.872716472016	0.235483586432
0	7671	71.490944600316	0.6182281283
0	7727	72.274657442397	0.783712842081
0	7759	72.459963011723	0.185305569326
0	7799	73.09619179625	0.636228784527
0	7848	73.702112612232	0.605920815982
0	7953	74.211190634802	0.50907802257
0	7970	74.483792729592	0.27260209479
0	7986	74.530912302261	0.047119572669
0	7994	74.571317302605	0.040405000344
0	8010	74.678486429473	0.107169126868
0	8018	74.722601369873	0.0441149404
0	8066	75.095698266613	0.37309689674
0	8098	75.792687132438	0.696988865825
0	8106	75.839334810772	0.046647678334
0	8124	76.106692543905	0.267357733133
0	8142	76.130983078949	0.024290535044
0	8232	76.778701827451	0.647718748502
0	8265	77.268688838461	0.48998701101
0	8329	77.713445061233	0.444756222772
0	8443	78.565188096313	0.85174303508
0	8459	78.721535803449	0.156347707136
0	8499	78.951975167061	0.230439363612
0	8684	80.892860608106	1.940885441045
0	8724	81.108442058674	0.215581450568
0	8756	81.875120991774	0.7666789331
0	8781	82.052529509596	0.177408517822
0	8789	82.195341160344	0.142811650748
0	8854	83.265492057873	1.070150897529
0	8862	83.419596101036	0.154104043163
0	8905	83.740742637654	0.321146536618
0	8913	83.77904764346	0.038305005806
0	8929	83.923662815458	0.144615171998
0	8945	83.998200880074	0.074538064616
0	8953	84.124983564698	0.126782684624
0	8969	84.169172120925	0.044188556227
0	8994	84.25094570796	0.081773587035
0	9018	84.594552282171	0.343606574211
0	9138	85.511415195285	0.916862913114
0	9186	85.839935163919	0.328519968634
0	9194	85.872408758054	0.032473594135
0	9219	86.387681070563	0.515272312509
0	9328	87.505130208718	1.117449138155
0	9344	87.610568542691	0.105438333973
0	9360	87.705431805093	0.094863262402
0	9384	88.012376032238	0.306944227145
0	9408	88.06794684101	0.055570808772
0	9416	88.161006482587	0.093059641577
0	9472	88.553506456092	0.392499973505
0	9481	88.563157568997	0.009651112905
0	9489	88.650562244893	0.087404675896
0	9506	88.843354525659	0.192792280766
0	9554	89.770614904181	0.927260378522
0	9562	89.798203964256	0.027589060075
0	9586	89.942332601099	0.144128636843
0	9715	90.843571463576	0.901238862477
0	9723	90.975294087869	0.131722624293
0	9764	91.438787078488	0.463492990619
0	9804	91.708727764733	0.269940686245
0	9820	91.895687525295	0.186959760562
0	9868	92.2265425993	0.330855074005
0	9892	92.615773189306	0.389230590006
0	9916	92.961592553865	0.345819364559
0	9924	93.02035456183	0.058762007965
0	9948	93.181041778818	0.160687216988
0	10004	93.682740424468	0.50169864565
0	10020	93.983673449981	0.300933025513
0	10120	95.048911863035	1.065238413054
0	10129	95.324681076039	0.275769213004
0	10148	95.442132773294	0.117451697255
0	10156	95.447170009287	0.005037235993
0	10199	95.810966370597	0.36379636131
0	10239	95.986264503936	0.175298133339
0	10247	96.141862980596	0.15559847666
0	10255	96.19339924676	0.051536266164
0	10295	96.632015919195	0.438616672435
0	10320	96.755612927566	0.123597008371
0	10344	96.900847144454	0.145234216888
0	10368	97.081703167051	0.180856022597
0	10384	97.107727550631	0.02602438358
0	10409	97.397967342999	0.290239792368
0	10449	97.862515758207	0.464548415208
0	10457	98.080139116159	0.217623357952
0	10473	98.183497264441	0.103358148282
0	10522	98.652961474417	0.469464209976
0	10538	98.675588018197	0.02262654378
0	10554	98.779413143813	0.103825125616
0	10594	99.047244815325	0.267831671512
0	10610	99.121891189964	0.074646374639
0	10642	99.303298745681	0.181407555717
0	10674	99.585051752265	0.281753006584
0	10817	101.469050830329	1.883999078064
0	10835	101.480383757151	0.011332926822
0	10887	102.056865634206	0.576481877055
0	10895	102.2574491396	0.200583505394
0	10921	102.394509690469	0.137060550869
0	10929	102.573041161557	0.178531471088
0	10937	102.705266224578	0.132225063021
0	11039	104.358101708843	1.652835484265
0	11055	104.570482990461	0.212381281618
0	11072	104.62044399364	0.049961003179
0	11114	105.236422511421	0.615978517781
0	11170	105.782790366961	0.54636785554
0	11195	105.967203553102	0.184413186141
0	11211	106.212082408152	0.24487885505
0	11228	106.279615612135	0.067533203983
0	11254	106.520865569086	0.241249956951
0	11287	106.809655601782	0.288790032696
0	11343	107.342443497437	0.532787895655
0	11359	107.477383833981	0.134940336544
0	11431	108.071121831626	0.593737997645
0	11455	108.276178539841	0.205056708215
0	11488	108.61708717911	0.340908639269
0	11547	109.335781307563	0.718694128453
0	11587	109.525791748009	0.190010440446
0	11603	109.572365833809	0.0465740858
0	11643	109.950694987422	0.378329153613
0	11651	110.078648162775	0.127953175353
0	11659	110.08307442291	0.004426260135
0	11667	110.255515846235	0.172441423325
0	11699	110.374848988453	0.119333142218
0	11724	110.691872977313	0.31702398886
0	11756	110.756648796239	0.064775818926
0	11772	110.863375269594	0.106726473355
0	11796	111.049263077442	0.185887807848
0	11836	111.431651424096	0.382388346654
0	11852	111.541244754382	0.109593330286
0	11917	112.233201379477	0.691956625095
0	11981	113.20252556603	0.969324186553
0	12014	113.505991831926	0.303466265896
0	12046	113.683709743826	0.1777179119
0	12062	113.826296467279	0.142586723453
0	12158	114.596871291432	0.770574824153
0	12182	114.819295379087	0.222424087655
0	12190	114.86917415351	0.049878774423
0	12207	115.192026800688	0.322852647178
0	12215	115.222761875699	0.030735075011
0	12223	115.271417134999	0.0486552593
0	12255	115.567998473248	0.296581338249
0	12263	115.607801295128	0.03980282188
0	12287	115.859092879975	0.251291584847
0	12303	116.078537683997	0.219444804022
0	12375	116.637562611227	0.55902492723
0	12399	116.950490340316	0.312927729089
0	12415	116.993002630034	0.042512289718
0	12439	117.229162100059	0.236159470025
0	12455	117.302739441802	0.073577341743
0	12479	117.466318757287	0.163579315485
0	12511	117.721057506188	0.254738748901
0	12568	118.092613474877	0.371555968689
0	12640	118.768999214729	0.676385739852
0	12706	119.546457916539	0.77745870181
0	12722	119.621530944011	0.075073027472
0	12730	119.808854100172	0.187323156161
0	12764	120.460190621573	0.651336521401
0	12832	120.926363369877	0.466172748304
0	12856	121.143346768004	0.216983398127
0	12880	121.276812493868	0.133465725864
0	12888	121.331622309441	0.054809815573
0	12904	121.648241286868	0.316618977427
0	12984	122.199300815499	0.551059528631
0	13024	122.514153402755	0.314852587256
0	13032	122.615031251119	0.100877848364
0	13064	122.900840958795	0.285809707676
0	13080	123.036391943759	0.135550984964
0	13088	123.134244415247	0.097852471488
0	13096	123.136008124772	0.001763709525
0	13147	123.561378413017	0.425370288245
0	13163	123.879964803297	0.31858639028
0	13219	124.367001735298	0.487036932001
0	13267	124.736880738484	0.369879003186
0	13283	124.93500000202	0.198119263536
0	13299	125.038558673988	0.103558671968
0	13395	125.855229213875	0.816670539887
0	13443	126.130379046091	0.275149832216
0	13467	126.675404245166	0.545025199075
0	13491	126.912947289996	0.23754304483
0	13507	127.167959820839	0.255012530843
0	13523	127.89233054015	0.724370719311
0	13531	127.898299061968	0.005968521818
0	13636	128.80568156904	0.907382507072
0	13692	129.003599503204	0.197917934164
0	13700	129.099975115218	0.096375612014
0	13756	129.569975707848	0.47000059263
0	13804	129.899997252327	0.330021544479
0	13820	129.955473455489	0.055476203162
0	13860	130.26207191083	0.306598455341
0	13910	130.792928042883	0.530856132053
0	13934	130.948632113014	0.155704070131
0	13950	130.961594293127	0.012962180113
0	13958	131.08075946986	0.119165176733
0	14055	131.962117926909	0.881358457049
0	14231	133.197889965787	1.235772038878
0	14272	133.883463588603	0.685573622816
0	14312	134.27770442225	0.394240833647
0	14328	134.372130712278	0.094426290028
0	14344	134.493591478522	0.121460766244
0	14360	134.539817850398	0.046226371876
0	14368	134.658163631202	0.118345780804
0	14384	134.735986746314	0.077823115112
0	14507	136.050496163335	1.314509417021
0	14539	136.234517191727	0.184021028392
0	14547	136.241793154833	0.007275963106
0	14571	136.513779509647	0.271986354814
0	14579	136.611156419843	0.097376910196
0	14587	136.630246053347	0.019089633504
0	14595	136.791455412636	0.161209359289
0	14603	137.294104974753	0.502649562117
0	14619	137.410268022508	0.116163047755
0	14660	138.31563588504	0.905367862532
0	14725	138.660762428421	0.345126543381
0	14757	138.811105309854	0.150342881433
0	14773	138.82332993975	0.012224629896
0	14789	139.102883914096	0.279553974346
0	14813	139.371832611747	0.268948697651
0	14837	139.666123475712	0.294290863965
0	14895	140.298847767287	0.632724291575
0	14929	140.439213058138	0.140365290851
0	14947	140.499819832775	0.060606774637
0	15040	141.211288271861	0.711468439086
0	15056	141.262834737546	0.051546465685
0	15105	141.660932149693	0.398097412147
0	15113	141.693952639231	0.033020489538
0	15146	142.073193258417	0.379240619186
0	15170	142.358829605466	0.285636347049
0	15290	142.962257086898	0.603427481432
0	15314	143.051956870992	0.089699784094
0	15338	143.216759002598	0.164802131606
1	192	1.279326409155	1.279326409155
1	200	1.285008503917	0.005682094762
1	232	1.467431324233	0.182422820316
1	264	1.68701519426	0.219583870027
1	288	1.988766715809	0.301751521549
1	296	2.133794595418	0.145027879609
1	480	3.374444598487	1.240650003069
1	512	3.707944529193	0.333499930706
1	528	4.144970536764	0.437026007571
1	560	4.408374996964	0.2634044602
1	576	4.493426981872	0.085051984908
1	592	4.638503343848	0.145076361976
1	681	5.328134211209	0.689630867361
1	705	5.574121240506	0.245987029297
1	721	5.625126786157	0.051005545651
1	769	5.715802447315	0.090675661158
1	801	6.431586060787	0.715783613472
1	817	6.493420451331	0.061834390544
1	841	6.570748648512	0.077328197181
1	990	8.438215537663	1.867466889151
1	998	8.525025446021	0.086809908358
1	1014	8.60430464127	0.079279195249
1	1054	8.890720033575	0.286415392305
1	1078	9.074565645994	0.183845612419
1	1086	9.134706780519	0.060141134525
1	1110	9.351256712611	0.216549932092
1	1138	10.169213602474	0.817956889863
1	1184	10.410887170777	0.241673568303
1	1200	10.495422169688	0.084534998911
1	1331	10.988191644562	0.492769474874
1	1347	11.062292948524	0.074101303962
1	1363	11.182295807776	0.120002859252
1	1396	11.315767266989	0.133471459213
1	1452	11.581439388797	0.265672121808
1	1468	11.806308986561	0.224869597764
1	1492	12.149439776296	0.343130789735
1	1548	12.852423491323	0.702983715027
1	1556	12.855352174242	0.002928682919
1	1596	13.458674338231	0.603322163989
1	1612	13.598846816297	0.140172478066
1	1644	13.693570624217	0.09472380792
1	1660	13.756087529958	0.062516905741
1	1676	13.93772222845	0.181634698492
1	1684	13.94932532742	0.01160309897
1	1716	14.080368031649	0.131042704229
1	1724	14.159346074431	0.078978042782
1	1732	14.22099683383	0.061650759399
1	1756	14.401855263444	0.180858429614
1	1772	14.727681048791	0.325825785347
1	1837	15.365595301087	0.637914252296
1	1861	15.496989522875	0.131394221788
1	1877	15.633371220952	0.136381698077
1	1909	15.807694565299	0.174323344347
1	1925	16.047786124906	0.240091559607
1	1949	16.46462040899	0.416834284084
1	1981	16.730741632518	0.266121223528
1	2134	18.311222063113	1.580480430595
1	2142	18.329670295076	0.018448231963
1	2254	19.446455452043	1.116785156967
1	2294	19.693439463764	0.246984011721
1	2310	19.841296574274	0.14785711051
1	2367	20.493542322414	0.65224574814
1	2376	20.581646002799	0.088103680385
1	2435	20.911543175356	0.329897172557
1	2460	21.178587264737	0.267044089381
1	2492	21.522398285626	0.343811020889
1	2500	21.665101363386	0.14270307776
1	2565	22.49754991786	0.832448554474
1	2622	23.230538199413	0.732988281553
1	2630	23.258875620363	0.02833742095
1	2654	23.551991530809	0.293115910446
1	2686	23.814314348804	0.262322817995
1	2718	24.057916138502	0.243601789698
1	2774	24.392206631441	0.334290492939
1	2798	24.952358047454	0.560151416013
1	2822	25.121454698634	0.16909665118
1	2838	25.217754648001	0.096299949367
1	2846	25.252018282169	0.034263634168
1	2862	25.414380363543	0.162362081374
1	2886	25.499771974736	0.085391611193
1	2910	25.581420082974	0.081648108238
1	3006	26.328169030119	0.746748947145
1	3014	26.348126765787	0.019957735668
1	3046	26.599729159871	0.251602394084
1	3088	27.600726152209	1.000996992338
1	3106	27.645686226688	0.044960074479
1	3114	27.678092874749	0.032406648061
1	3158	28.035438521492	0.357345646743
1	3182	28.198707702765	0.163269181273
1	3278	28.918894912636	0.720187209871
1	3302	29.334389994439	0.415495081803
1	3334	29.615974196048	0.281584201609
1	3342	29.756459378021	0.140485181973
1	3350	29.788098582055	0.031639204034
1	3390	30.244584626114	0.456486044059
1	3480	31.040910526282	0.796325900168
1	3497	31.182420538417	0.141510012135
1	3513	31.362742776944	0.180322238527
1	3529	31.660402696228	0.297659919284
1	3622	32.769765708852	1.109363012624
1	3638	33.028796344131	0.259030635279
1	3694	33.454280169831	0.4254838257
1	3702	33.474624168389	0.020343998558
1	3759	34.143804817309	0.66918064892
1	3767	34.27258969083	0.128784873521
1	3783	34.511087780103	0.238498089273
1	3820	35.001359433446	0.490271653343
1	3836	35.247815521286	0.24645608784
1	3844	35.269267766702	0.021452245416
1	3881	35.393467611986	0.124199845284
1	3913	35.578825188744	0.185357576758
1	3929	35.654738240722	0.075913051978
1	3937	35.66171261305	0.006974372328
1	3953	35.745431523229	0.083718910179
1	4017	36.318262219451	0.572830696222
1	4073	36.812829780736	0.494567561285
1	4081	36.871929636885	0.059099856149
1	4089	36.894607527157	0.022677890272
1	4097	36.94219000438	0.047582477223
1	4105	36.981357553607	0.039167549227
1	4137	37.097408647468	0.116051093861
1	4145	37.151292486208	0.05388383874
1	4209	37.503273018239	0.351980532031
1	4225	37.630188890958	0.126915872719
1	4273	38.20889956376	0.578710672802
1	4281	38.352833621167	0.143934057407
1	4314	39.045668942886	0.692835321719
1	4379	39.368893445958	0.323224503072
1	4463	40.061120217647	0.692226771689
1	4511	40.518536248651	0.457416031004
1	4552	40.775893027202	0.257356778551
1	4569	40.964624249245	0.188731222043
1	4577	41.086356596229	0.121732346984
1	4676	41.885819384897	0.799462788668
1	4708	42.236901094105	0.351081709208
1	4724	42.441041073946	0.204139979841
1	4756	42.744973934775	0.303932860829
1	4846	43.487329263878	0.742355329103
1	4894	44.361315203707	0.873985939829
1	4931	44.655128324074	0.293813120367
1	4955	45.097605231909	0.442476907835
1	4963	45.146287544015	0.048682312106
1	4971	45.340670708263	0.194383164248
1	5069	46.694054468803	1.35338376054
1	5170	47.99469286429	1.300638395487
1	5210	48.358848996673	0.364156132383
1	5218	48.368892282018	0.010043285345
1	5267	49.004235262726	0.635342980708
1	5275	49.019605840661	0.015370577935
1	5331	49.406860702072	0.387254861411
1	5387	50.052690465381	0.645829763309
1	5427	50.415000122596	0.362309657215
1	5443	50.489508459597	0.074508337001
1	5467	50.712020531753	0.222512072156
1	5483	50.784870242634	0.072849710881
1	5515	51.042063296747	0.257193054113
1	5595	51.575644377674	0.533581080927
1	5603	51.607849859492	0.032205481818
1	5611	51.630793777788	0.022943918296
1	5620	51.883626823851	0.252833046063
1	5689	52.883309599769	0.999682775918
1	5697	52.957151696848	0.073842097079
1	5713	53.029301239389	0.072149542541
1	5750	53.441840440402	0.412539201013
1	5758	53.711025828216	0.269185387814
1	5766	53.743126903282	0.032101075066
1	5864	54.492454007652	0.74932710437
1	5936	55.566681614801	1.074227607149
1	6056	56.929410086157	1.362728471356
1	6064	56.958522209576	0.029112123419
1	6093	57.485818019275	0.527295809699
1	6101	57.525636613665	0.03981859439
1	6117	57.606996715031	0.081360101366
1	6173	58.226553524401	0.61955680937
1	6189	58.395478514665	0.168924990264
1	6237	58.615645865401	0.220167350736
1	6285	59.177146950997	0.561501085596
1	6293	59.186673354166	0.009526403169
1	6301	59.224702567443	0.038029213277
1	6309	59.246202418818	0.021499851375
1	6325	59.410135872585	0.163933453767
1	6357	59.53172085208	0.121584979495
1	6389	59.859490697723	0.327769845643
1	6446	60.469638733191	0.610148035468
1	6454	60.494851915053	0.025213181862
1	6470	60.689848790798	0.194996875745
1	6494	60.983993265819	0.294144475021
1	6518	61.08857923905	0.104585973231
1	6526	61.180162056742	0.091582817692
1	6550	61.747572851364	0.567410794622
1	6558	61.830441210967	0.082868359603
1	6590	62.058038673772	0.227597462805
1	6598	62.118513572949	0.060474899177
1	6630	62.202495932684	0.083982359735
1	6646	62.632570179235	0.430074246551
1	6654	62.667409437032	0.034839257797
1	6721	63.3798747054	0.712465268368
1	6738	63.39947001015	0.01959530475
1	6762	63.469011707192	0.069541697042
1	6778	63.680704709891	0.211693002699
1	6818	63.876505238962	0.195800529071
1	6826	63.877750820483	0.001245581521
1	6932	64.552805753886	0.675054933403
1	6948	64.699546010882	0.146740256996
1	6972	64.973490513486	0.273944502604
1	6980	64.991299927354	0.017809413868
1	7004	65.087235174121	0.095935246767
1	7012	65.138863816589	0.051628642468
1	7068	66.096506765371	0.957642948782
1	7108	66.380361476603	0.283854711232
1	7195	67.520517001351	1.140155524748
1	7235	67.746161615389	0.225644614038
1	7243	67.813800620361	0.067639004972
1	7291	68.297354954588	0.483554334227
1	7331	68.712239620259	0.414884665671
1	7341	68.749205811143	0.036966190884
1	7390	69.05555199681	0.306346185667
1	7446	69.201355717201	0.145803720391
1	7486	69.677267138502	0.475911421301
1	7510	69.941856949309	0.264589810807
1	7542	70.183399679655	0.241542730346
1	7558	70.470596045495	0.28719636584
1	7631	70.98135963956	0.510763594065
1	7639	71.058983172997	0.077623533437
1	7663	71.412407916075	0.353424743078
1	7743	72.370761698818	0.958353782743
1	7751	72.407069941787	0.036308242969
1	7783	72.878247252569	0.471177310782
1	7824	73.636795740193	0.758548487624
1	7832	73.648852732522	0.012056992329
1	7856	73.720507617989	0.071654885467
1	7880	73.926641614214	0.206133996225
1	7905	73.987851505339	0.061209891125
1	7913	74.106847334163	0.118995828824
1	7921	74.117559493728	0.010712159565
1	7937	74.181069005819	0.063509512091
1	7961	74.241509011887	0.060440006068
1	7978	74.519691465437	0.27818245355
1	8058	75.063131374505	0.543439909068
1	8090	75.5864015155	0.523270140995
1	8152	76.169567764696	0.583166249196
1	8200	76.642066389833	0.472498625137
1	8249	76.945564011585	0.303497621752
1	8257	77.023031182351	0.077467170766
1	8273	77.287797028208	0.264765845857
1	8289	77.501017540586	0.213220512378
1	8345	77.945511958999	0.444494418413
1	8362	78.046057485056	0.100545526057
1	8387	78.205498119419	0.159440634363
1	8395	78.219551374788	0.014053255369
1	8419	78.347170180028	0.12761880524
1	8467	78.721925668682	0.374755488654
1	8475	78.83502820307	0.113102534388
1	8483	78.899678814573	0.064650611503
1	8491	78.913479720956	0.013800906383
1	8507	78.997566228591	0.084086507635
1	8531	79.301846537752	0.304280309161
1	8595	80.043663381371	0.741816843619
1	8612	80.362871972654	0.319208591283
1	8628	80.414931163276	0.052059190622
1	8652	80.787220496537	0.372289333261
1	8668	80.803804254199	0.016583757662
1	8676	80.871996609399	0.0681923552
1	8716	81.086087583177	0.214090973778
1	8797	82.199646482338	1.113558899161
1	8821	82.801082998408	0.60143651607
1	8845	83.16934889461	0.368265896202
1	8870	83.477777735661	0.308428841051
1	8878	83.554100727593	0.076322991932
1	8897	83.736422806245	0.182322078652
1	8961	84.13915464909	0.402731842845
1	9002	84.252144025945	0.112989376855
1	9074	85.236481748266	0.984337722321
1	9090	85.256195702865	0.019713954599
1	9106	85.3578910361	0.101695333235
1	9202	85.95633974247	0.59844870637
1	9210	86.226658942413	0.270319199943
1	9235	86.541515943631	0.314857001218
1	9243	86.618788635344	0.077272691713
1	9267	86.743302337543	0.124513702199
1	9302	87.096781027015	0.353478689472
1	9310	87.142666932836	0.045885905821
1	9352	87.672324375797	0.529657442961
1	9376	87.827585608648	0.155261232851
1	9424	88.217083224936	0.389497616288
1	9440	88.375229494908	0.158146269972
1	9464	88.532620837507	0.157391342599
1	9514	88.99270418956	0.460083352053
1	9602	89.98915882422	0.99645463466
1	9610	90.10955915614	0.12040033192
1	9618	90.111903454483	0.002344298343
1	9667	90.439772998328	0.327869543845
1	9756	91.370997711857	0.931224713529
1	9772	91.463787927952	0.092790216095
1	9780	91.554242909594	0.090454981642
1	9812	91.864625318472	0.310382408878
1	9828	91.995693504735	0.131068186263
1	9852	92.048963243191	0.053269738456
1	9860	92.108513270247	0.059550027056
1	9940	93.144325196985	1.035811926738
1	9956	93.233265635992	0.088940439007
1	9972	93.311734269407	0.078468633415
1	9980	93.366083962773	0.054349693366
1	10028	94.061819672818	0.695735710045
1	10080	94.747497766609	0.685678093791
1	10271	96.433064956486	1.685567189877
1	10279	96.500556700518	0.067491744032
1	10490	98.55261408242	2.052057381902
1	10546	98.77407625522	0.2214621728
1	10634	99.244573573831	0.470497318611
1	10682	99.840361013002	0.595787439171
1	10706	99.950061053428	0.109700040426
1	10760	100.648848801066	0.698787747638
1	10776	100.726457514937	0.077608713871
1	10800	101.200749463604	0.474291948667
1	10809	101.425549247302	0.224799783698
1	10913	102.311233087428	0.885683840126
1	10973	103.125753597073	0.814520509645
1	10982	103.349808131148	0.224054534075
1	10990	103.576511350247	0.226703219099
1	11047	104.428412923719	0.851901573472
1	11090	104.674591201123	0.246178277404
1	11130	105.422349953377	0.747758752254
1	11187	105.864976445454	0.442626492077
1	11203	106.079516082084	0.21453963663
1	11219	106.242392520441	0.162876438357
1	11262	106.707068706982	0.464676186541
1	11278	106.759052499548	0.051983792566
1	11327	107.21569222114	0.456639721592
1	11335	107.241419085344	0.025726864204
1	11383	107.581791706028	0.340372620684
1	11423	108.021095358414	0.439303652386
1	11439	108.219298433034	0.19820307462
1	11480	108.571724347236	0.352425914202
1	11496	108.631454649499	0.059730302263
1	11514	108.790618015167	0.159163365668
1	11522	109.069437993984	0.278819978817
1	11530	109.08701993031	0.017581936326
1	11563	109.342855288802	0.255835358492
1	11595	109.569174913295	0.226319624493
1	11611	109.698900107749	0.129725194454
1	11619	109.797766095266	0.098865987517
1	11683	110.285680337708	0.487914242442
1	11715	110.39384989666	0.108169558952
1	11780	111.03174923918	0.63789934252
1	11844	111.449450431101	0.417701191921
1	11892	112.105025819198	0.655575388097
1	11941	112.570230003759	0.465204184561
1	11949	112.72279113224	0.152561128481
1	11965	112.837299972569	0.114508840329
1	11997	113.324228539343	0.486928566774
1	12005	113.424061665739	0.099833126396
1	12038	113.61550257114	0.191440905401
1	12142	114.538901125304	0.923398554164
1	12231	115.310624368731	0.771723243427
1	12271	115.794140989508	0.483516620777
1	12279	115.844520209432	0.050379219924
1	12295	115.959496358101	0.114976148669
1	12311	116.090249642269	0.130753284168
1	12351	116.446422654443	0.356173012174
1	12431	117.073241693531	0.626819039088
1	12487	117.475620785454	0.402379091923
1	12552	117.992333861034	0.51671307558
1	12576	118.104937048326	0.112603187292
1	12600	118.213682629126	0.1087455808
1	12681	119.213933152256	1.00025052313
1	12714	119.550248206139	0.336315053883
1	12746	119.82667105511	0.276422848971
1	12783	120.717264125025	0.890593069915
1	12800	120.744494905102	0.027230780077
1	12808	120.810786255878	0.066291350776
1	12816	120.81134131111	0.000555055232
1	12944	121.826534902046	1.015193590936
1	12960	121.91957707209	0.093042170044
1	12968	121.920207993622	0.000630921532
1	13008	122.487743369178	0.567535375556
1	13016	122.496741743694	0.008998374516
1	13072	123.015583008801	0.518841265107
1	13113	123.241273619029	0.225690610228
1	13131	123.378361077475	0.137087458446
1	13139	123.526056763796	0.147695686321
1	13171	123.92329624177	0.397239477974
1	13179	123.96088542262	0.03758918085
1	13211	124.339742420073	0.378856997453
1	13251	124.609960496951	0.270218076878
1	13291	124.943531366044	0.333570869093
1	13331	125.252314983258	0.308783617214
1	13347	125.294573976177	0.042258992919
1	13363	125.526725342086	0.232151365909
1	13371	125.666006254943	0.139280912857
1	13403	125.883622934111	0.217616679168
1	13411	125.990771124545	0.107148190434
1	13435	126.129558994088	0.138787869543
1	13459	126.285945354042	0.156386359954
1	13515	127.5710848697	1.285139515658
1	13572	128.3842733495	0.8131884798
1	13764	129.570929187483	1.186655837983
1	13796	129.858839939885	0.287910752402
1	13812	129.945762801309	0.086922861424
1	13828	130.010190633975	0.064427832666
1	13885	130.558577493501	0.548386859526
1	13918	130.917170636913	0.358593143412
1	13991	131.277420957803	0.36025032089
1	14023	131.525394934802	0.247973976999
1	14039	131.780713495927	0.255318561125
1	14079	132.089974359869	0.309260863942
1	14087	132.119626529561	0.029652169692
1	14103	132.182094058231	0.06246752867
1	14151	132.377084553052	0.194990494821
1	14199	132.918030907245	0.540946354193
1	14215	133.168309037741	0.250278130496
1	14288	133.943771623704	0.775462585963
1	14304	134.216605881315	0.272834257611
1	14376	134.713307823682	0.496701942367
1	14443	135.30159703437	0.588289210688
1	14459	135.579211709298	0.277614674928
1	14515	136.089675106501	0.510463397203
1	14652	138.25332599172	2.163650885219
1	14668	138.319344976061	0.066018984341
1	14717	138.568701409655	0.249356433594
1	14781	138.849991188476	0.281289778821
1	14797	139.119125824194	0.269134635718
1	14805	139.259931766695	0.140805942501
1	14821	139.524844237307	0.264912470612
1	14846	139.830289410062	0.305445172755
1	14886	140.149445603165	0.319156193103
1	14991	140.897198711383	0.747753108218
1	15016	141.054365366662	0.157166655279
1	15121	141.874803807798	0.820438441136
1	15129	141.894532580229	0.019728772431
1	15162	142.259094393467	0.364561813238
1	15186	142.398538652234	0.139444258767
1	15194	142.462624538956	0.064085886722
1	15210	142.518859002275	0.056234463319
1	15218	142.535528510981	0.016669508706
1	15242	142.639038957457	0.103510446476
1	15266	142.850734296415	0.211695338958
1	15322	143.17285458521	0.322120288795
2	16	0.238958277367	0.238958277367
2	80	0.475112751363	0.236154473996
2	120	0.611379893825	0.136267142462
2	136	0.871413346112	0.260033452287
2	144	1.017576586645	0.146163240533
2	256	1.569065779069	0.551489192424
2	304	2.177144626106	0.608078847037
2	328	2.193885834223	0.016741208117
2	344	2.291660931118	0.097775096895
2	384	2.529813843949	0.238152912831
2	400	2.883594826068	0.353780982119
2	408	2.913191874593	0.029597048525
2	496	3.680104157492	0.766912282899
2	544	4.227234735277	0.547130577785
2	568	4.455822450665	0.228587715388
2	584	4.60165139746	0.145828946795
2	649	5.002401670801	0.400750273341
2	665	5.112762901679	0.110361230878
2	673	5.167577946243	0.054815044564
2	689	5.484952188235	0.317374241992
2	697	5.554331286324	0.069379098089
2	745	5.641938658023	0.087607371699
2	753	5.661530432639	0.019591774616
2	785	6.158125943185	0.496595510546
2	809	6.455999090845	0.29787314766
2	849	6.681126773785	0.22512768294
2	867	6.859620924815	0.17849415103
2	878	7.054524311558	0.194903386743
2	934	7.565995789271	0.511471477713
2	974	8.376341391582	0.810345602311
2	1022	8.736121698417	0.359780306835
2	1038	8.811130462379	0.075008763962
2	1046	8.817813670137	0.006683207758
2	1128	10.015852720915	1.198039050778
2	1165	10.250416154966	0.234563434051
2	1208	10.516985703355	0.266569548389
2	1250	10.643243268769	0.126257565414
2	1274	10.651734080013	0.008490811244
2	1428	11.352769120898	0.701035040885
2	1444	11.555214640993	0.202445520095
2	1476	12.113658774194	0.558444133201
2	1500	12.155089731772	0.041430957578
2	1508	12.338252841271	0.183163109499
2	1516	12.516713361876	0.178460520605
2	1532	12.669412819935	0.152699458059
2	1540	12.788610780941	0.119197961006
2	1564	12.873700824677	0.085090043736
2	1580	13.066971236599	0.193270411922
2	1588	13.09185391787	0.024882681271
2	1628	13.612307418543	0.520453500673
2	1692	14.005382786655	0.393075368112
2	1700	14.025838077977	0.020455291322
2	1764	14.714564249952	0.688726171975
2	1780	14.756292910596	0.041728660644
2	1965	16.641066321514	1.884773410918
2	1973	16.664972373643	0.023906052129
2	1997	16.968146772899	0.303174399256
2	2038	17.339804108996	0.371657336097
2	2046	17.342246706869	0.002442597873
2	2078	17.497145572403	0.154898865534
2	2094	17.677025894719	0.179880322316
2	2102	17.937054620951	0.260028726232
2	2118	18.036711292024	0.099656671073
2	2126	18.176574971955	0.139863679931
2	2174	18.694492905714	0.517917933759
2	2190	18.801866407473	0.107373501759
2	2286	19.68247668668	0.880610279207
2	2326	19.896051808352	0.213575121672
2	2384	20.584177303194	0.688125494842
2	2419	20.80746777041	0.223290467216
2	2468	21.236457179791	0.428989409381
2	2476	21.348154069132	0.111696889341
2	2533	21.797930287698	0.449776218566
2	2598	22.774983118894	0.977052831196
2	2646	23.403498071231	0.628514952337
2	2662	23.594334728568	0.190836657337
2	2670	23.719348315448	0.12501358688
2	2726	24.178028375744	0.458680060296
2	2742	24.235626112903	0.057597737159
2	2750	24.244721127032	0.009095014129
2	2758	24.279669915062	0.03494878803
2	2782	24.62918985054	0.349519935478
2	2790	24.644006651632	0.014816801092
2	2830	25.159639903495	0.515633251863
2	2934	25.88992471046	0.730284806965
2	2942	25.900744980986	0.010820270526
2	2958	25.980355316318	0.079610335332
2	2974	26.112827590751	0.132472274433
2	2990	26.315696931747	0.202869340996
2	2998	26.325730751485	0.010033819738
2	3022	26.355264961544	0.029534210059
2	3070	27.010720640138	0.655455678594
2	3078	27.191792965866	0.181072325728
2	3098	27.64353200879	0.451739042924
2	3123	27.761310342956	0.117778334166
2	3133	27.763228337511	0.001917994555
2	3166	28.042973545757	0.279745208246
2	3198	28.429862378994	0.386888833237
2	3206	28.462822361121	0.032959982127
2	3214	28.489513188589	0.026690827468
2	3238	28.760837801804	0.271324613215
2	3246	28.798491134915	0.037653333111
2	3270	28.829830330326	0.031339195411
2	3286	28.955417712002	0.125587381676
2	3382	30.209489064838	1.254071352836
2	3415	30.500936622908	0.29144755807
2	3423	30.54351655386	0.042579930952
2	3464	30.938476923988	0.394960370128
2	3579	32.364269287033	1.425792363045
2	3710	33.561530525767	1.197261238734
2	3718	33.71780273698	0.156272211213
2	3751	34.13489321232	0.41709047534
2	3792	34.580758525347	0.445865313027
2	3828	35.050127961235	0.469369435888
2	3854	35.312298968017	0.262171006782
2	3864	35.327570048336	0.015271080319
2	3921	35.65100841707	0.323438368734
2	4001	36.221878249024	0.570869831954
2	4009	36.256024821552	0.034146572528
2	4033	36.439049696213	0.183024874661
2	4065	36.79259287631	0.353543180097
2	4113	37.017503139696	0.224910263386
2	4177	37.253483008419	0.235979868723
2	4193	37.344849785514	0.091366777095
2	4217	37.56906039217	0.224210606656
2	4249	37.937826402523	0.368766010353
2	4305	38.776488142749	0.838661740226
2	4338	39.099481699177	0.322993556428
2	4396	39.49902321583	0.399541516653
2	4407	39.534189990325	0.035166774495
2	4417	39.544912911849	0.010722921524
2	4426	39.590528526125	0.045615614276
2	4436	39.650556169738	0.060027643613
2	4446	39.685721761455	0.035165591717
2	4479	40.163265857108	0.477544095653
2	4495	40.398506104526	0.235240247418
2	4535	40.593527886321	0.195021781795
2	4560	40.83593194624	0.242404059919
2	4620	41.549195642371	0.713263696131
2	4628	41.619645166174	0.070449523803
2	4748	42.630849479467	1.011204313293
2	4789	43.002804941534	0.371955462067
2	4797	43.053872546688	0.051067605154
2	4854	43.747676066309	0.693803519621
2	4939	44.882766802919	1.13509073661
2	4947	44.961878824707	0.079112021788
2	4988	45.626803953933	0.664925129226
2	5021	46.062631467314	0.435827513381
2	5077	46.734755527424	0.67212406011
2	5093	47.087251531225	0.352496003801
2	5162	47.968754385576	0.881502854351
2	5202	48.347225363872	0.378470978296
2	5283	49.025154856367	0.677929492495
2	5307	49.284877592642	0.259722736275
2	5315	49.307260756892	0.02238316425
2	5323	49.30750591426	0.000245157368
2	5347	49.620302379479	0.312796465219
2	5355	49.759559076854	0.139256697375
2	5363	49.794497353195	0.034938276341
2	5395	50.109588445783	0.315091092588
2	5411	50.362597270008	0.253008824225
2	5475	50.765660056882	0.403062786874
2	5499	50.886110173678	0.120450116796
2	5507	50.998564730794	0.112454557116
2	5531	51.109383318217	0.110818587423
2	5629	51.903838550741	0.794455232524
2	5731	53.220289452944	1.316450902203
2	5800	53.964013119504	0.74372366656
2	5808	54.199243315601	0.235230196097
2	5832	54.336866374169	0.137623058568
2	5840	54.382267252442	0.045400878273
2	5856	54.437491141267	0.055223888825
2	5880	54.914679151694	0.477188010427
2	5904	55.370295716633	0.455616564939
2	5920	55.391276113064	0.020980396431
2	5944	55.568924269719	0.177648156655
2	5952	55.748778781424	0.179854511705
2	5968	55.811730418711	0.062951637287
2	6008	56.516890017855	0.705159599144
2	6032	56.703240281734	0.186350263879
2	6040	56.870973550086	0.167733268352
2	6048	56.904393645707	0.033420095621
2	6075	57.399966098395	0.495572452688
2	6084	57.441079431845	0.04111333345
2	6125	57.657819840719	0.216740408874
2	6133	57.682586891823	0.024767051104
2	6213	58.424800290071	0.742213398248
2	6229	58.535118846914	0.110318556843
2	6269	58.978283293333	0.443164446419
2	6333	59.455170015824	0.476886722491
2	6438	60.408219878782	0.953049862958
2	6566	61.855208709621	1.446988830839
2	6614	62.189878308904	0.334669599283
2	6712	63.373720838905	1.183842530001
2	6746	63.410997558211	0.037276719306
2	6754	63.422399308857	0.011401750646
2	6802	63.841730388877	0.41933108002
2	6834	63.90165753567	0.059927146793
2	6884	64.395575951874	0.493918416204
2	6940	64.568101944229	0.172525992355
2	6996	65.064607110333	0.496505166104
2	7076	66.177149138901	1.112542028568
2	7084	66.295414700687	0.118265561786
2	7100	66.330385070614	0.034970369927
2	7116	66.433711256697	0.103326186083
2	7149	67.112000402502	0.678289145805
2	7157	67.161526376219	0.049525973717
2	7178	67.453960319541	0.292433943322
2	7203	67.570153849097	0.116193529556
2	7211	67.652206424596	0.082052575499
2	7219	67.683864436361	0.031658011765
2	7315	68.584214692743	0.900350256382
2	7366	68.931777276686	0.347562583943
2	7374	68.979078488869	0.047301212183
2	7382	69.030248023602	0.051169534733
2	7398	69.056717919323	0.026469895721
2	7414	69.094435523748	0.037717604425
2	7518	70.027496093827	0.933060570079
2	7526	70.039773230049	0.012277136222
2	7550	70.372666510332	0.332893280283
2	7599	70.712090420469	0.339423910137
2	7607	70.813972801279	0.10188238081
2	7679	71.641296050509	0.82732324923
2	7687	71.708650443619	0.06735439311
2	7695	71.725722864991	0.017072421372
2	7735	72.369327251923	0.643604386932
2	7767	72.766387956209	0.397060704286
2	7807	73.312825239448	0.546437283239
2	7840	73.670652574596	0.357827335148
2	8034	74.863682869836	1.19303029524
2	8050	75.010355451329	0.146672581493
2	8160	76.214170914287	1.203815462958
2	8192	76.618218924314	0.404048010027
2	8216	76.696852295216	0.078633370902
2	8240	76.786427110064	0.089574814848
2	8281	77.400053392018	0.613626281954
2	8297	77.530757674379	0.130704282361
2	8321	77.61834660142	0.087588927041
2	8337	77.834504416193	0.216157814773
2	8370	78.144767375163	0.31026295897
2	8384	78.205437095419	0.060669720256
2	8403	78.298921138287	0.093484042868
2	8411	78.335025848016	0.036104709729
2	8451	78.567336055508	0.232310207492
2	8539	79.455008515425	0.887672459917
2	8547	79.512641834823	0.057633319398
2	8587	79.899812149141	0.387170314318
2	8620	80.37602668272	0.476214533579
2	8636	80.561235208957	0.185208526237
2	8700	81.01245916783	0.451223958873
2	8732	81.342330982677	0.329871814847
2	8748	81.624293909515	0.281962926838
2	8773	81.971789205874	0.347495296359
2	8805	82.304110693911	0.332321488037
2	8829	82.934563476983	0.630452783072
2	8921	83.834236871479	0.899673394496
2	8977	84.206266320398	0.372029448919
2	9010	84.297900521103	0.091634200705
2	9026	84.6314267866	0.333526265497
2	9034	84.697893456345	0.066466669745
2	9042	84.779810119261	0.081916662916
2	9114	85.438561637319	0.658751518058
2	9275	86.801486651549	1.36292501423
2	9285	87.019613393557	0.218126742008
2	9319	87.411785856759	0.392172463202
2	9368	87.823731999541	0.411946142782
2	9400	88.026965704392	0.203233704851
2	9432	88.302512162794	0.275546458402
2	9448	88.432741847249	0.130229684455
2	9456	88.472637059174	0.039895211925
2	9498	88.722024009162	0.249386949988
2	9522	89.16568780216	0.443663792998
2	9530	89.414048452027	0.248360649867
2	9538	89.484827642606	0.070779190579
2	9627	90.174234695708	0.689407053102
2	9651	90.350024844676	0.175790148968
2	9659	90.431289096184	0.081264251508
2	9675	90.645329740911	0.214040644727
2	9683	90.658829260073	0.013499519162
2	9691	90.698301355771	0.039472095698
2	9747	91.322191458933	0.623890103162
2	9836	91.998809162966	0.676617704033
2	9844	92.040774615194	0.041965452228
2	9884	92.350432314659	0.309657699465
2	9900	92.695372694558	0.344940379899
2	9932	93.048776610146	0.353403915588
2	9988	93.488364647611	0.439588037465
2	9996	93.681364950753	0.193000303142
2	10056	94.599527999869	0.918163049116
2	10064	94.612694503581	0.013166503712
2	10072	94.615356788805	0.002662285224
2	10104	94.976715410964	0.361358622159
2	10112	94.996025924976	0.019310514012
2	10140	95.358206896421	0.362180971445
2	10166	95.657585166509	0.299378270088
2	10183	95.794184814066	0.136599647557
2	10207	95.842637660419	0.048452846353
2	10215	95.878129833107	0.035492172688
2	10231	95.968104260767	0.08997442766
2	10287	96.531911283288	0.563807022521
2	10303	96.692206126785	0.160294843497
2	10312	96.71836763177	0.026161504985
2	10360	97.030772727963	0.312405096193
2	10376	97.100850595823	0.07007786786
2	10392	97.215637130343	0.11478653452
2	10481	98.436745768536	1.221108638193
2	10506	98.575370081926	0.13862431339
2	10514	98.646787110308	0.071417028382
2	10562	98.883214455236	0.236427344928
2	10570	98.924767519742	0.041553064506
2	10578	98.936059482194	0.011291962452
2	10602	99.054374066338	0.118314584144
2	10618	99.205712321576	0.151338255238
2	10650	99.433468356934	0.227756035358
2	10658	99.54260237057	0.109134013636
2	10690	99.857580101656	0.314977731086
2	10731	100.460539003248	0.602958901592
2	10741	100.604810132593	0.144271129345
2	10751	100.6314644686	0.026654336007
2	10792	101.064609554836	0.433145086236
2	10853	101.608951205534	0.544341650698
2	10871	101.846937085302	0.237985879768
2	10879	101.91912020214	0.072183116838
2	10965	103.019812862678	1.100692660538
2	10998	103.609757721574	0.589944858896
2	11014	103.917022932421	0.307265210847
2	11031	104.186565559872	0.269542627451
2	11098	105.184233184555	0.997667624683
2	11138	105.446441604617	0.262208420062
2	11245	106.380234093395	0.933792488778
2	11270	106.719467665217	0.339233571822
2	11295	106.859399947644	0.139932282427
2	11303	106.9804552164	0.121055268756
2	11311	107.120341913033	0.139886696633
2	11319	107.188793042617	0.068451129584
2	11351	107.385380449258	0.196587406641
2	11375	107.574180540531	0.188800091273
2	11391	107.799092463716	0.224911923185
2	11463	108.378169304879	0.579076841163
2	11471	108.387698945397	0.009529640518
2	11506	108.735694690722	0.347995745325
2	11538	109.183185278885	0.447490588163
2	11579	109.514115292533	0.330930013648
2	11675	110.259811880536	0.745696588003
2	11691	110.293303880797	0.033492000261
2	11707	110.387294227328	0.093990346531
2	11764	110.763998927949	0.376704700621
2	11788	111.04142631962	0.277427391671
2	11828	111.264112159165	0.222685839545
2	11860	111.883070138362	0.618957979197
2	11868	111.949095339363	0.066025201001
2	11884	112.089121272126	0.140025932763
2	11900	112.122684213162	0.033562941036
2	11973	112.964179765567	0.841495552405
2	11989	113.296362765899	0.332183000332
2	12022	113.51796676876	0.221604002861
2	12030	113.560228097431	0.042261328671
2	12054	113.809242868744	0.249014771313
2	12086	114.123487710122	0.314244841378
2	12102	114.17050816515	0.047020455028
2	12118	114.365854425966	0.195346260816
2	12126	114.494123808644	0.128269382678
2	12134	114.529909895387	0.035786086743
2	12174	114.787241614883	0.257331719496
2	12319	116.21679510874	1.429553493857
2	12327	116.240131071526	0.023335962786
2	12343	116.420668357861	0.180537286335
2	12367	116.552147776176	0.131479418315
2	12383	116.766287542296	0.21413976612
2	12407	116.97653094196	0.210243399664
2	12447	117.256243745497	0.279712803537
2	12520	117.921700841636	0.665457096139
2	12544	117.981122410827	0.059421569191
2	12584	118.142807354256	0.161684943429
2	12624	118.557598836186	0.41479148193
2	12665	119.143132638224	0.585533802038
2	12689	119.215895422337	0.072762784113
2	12698	119.54063018412	0.324734761783
2	12738	119.81815415097	0.27752396685
2	12848	120.960153231115	1.141999080145
2	12920	121.690010474284	0.729857243169
2	12976	122.04472499558	0.354714521296
2	13000	122.465580785833	0.420855790253
2	13048	122.751014889022	0.285434103189
2	13056	122.846927865771	0.095912976749
2	13104	123.177449627161	0.33052176139
2	13122	123.374086027806	0.196636400645
2	13187	124.041470516331	0.667384488525
2	13195	124.237656358659	0.196185842328
2	13235	124.512571611802	0.274915253143
2	13275	124.837120316987	0.324548705185
2	13379	125.693386509462	0.856266192475
2	13451	126.214555932004	0.521169422542
2	13475	126.754147892233	0.539591960229
2	13483	126.817050714797	0.062902822564
2	13547	127.92043524385	1.103384529053
2	13556	128.096730329468	0.176295085618
2	13564	128.099687862901	0.002957533433
2	13596	128.446490704856	0.346802841955
2	13612	128.54127853206	0.094787827204
2	13620	128.552701138219	0.011422606159
2	13628	128.739088105215	0.186386966996
2	13660	128.827954462442	0.088866357227
2	13676	128.972969967045	0.145015504603
2	13684	128.999913146244	0.026943179199
2	13708	129.165838126282	0.165924980038
2	13716	129.239817309336	0.073979183054
2	13724	129.349617163907	0.109799854571
2	13732	129.41637502398	0.066757860073
2	13740	129.476154834525	0.059779810545
2	13780	129.740412039583	0.264257205058
2	13852	130.231518319358	0.491106279775
2	13868	130.264847850945	0.033329531587
2	13876	130.36779741039	0.102949559445
2	13893	130.624632324285	0.256834913895
2	13966	131.153630083806	0.528997759521
2	13983	131.209065283087	0.055435199281
2	13999	131.402075863365	0.193010580278
2	14007	131.460130745831	0.058054882466
2	14031	131.7036646737	0.243533927869
2	14047	131.811081861168	0.107417187468
2	14095	132.16715079793	0.356068936762
2	14111	132.202801331934	0.035650534004
2	14127	132.267498061751	0.064696729817
2	14167	132.636679773529	0.369181711778
2	14175	132.726437168923	0.089757395394
2	14183	132.815588074216	0.089150905293
2	14263	133.713901706535	0.898313632319
2	14280	133.918670247071	0.204768540536
2	14336	134.455028912061	0.53635866499
2	14352	134.521152403621	0.06612349156
2	14392	134.750354064561	0.22920166094
2	14403	134.955496105552	0.205142040991
2	14435	135.280401800728	0.324905695176
2	14451	135.557144341721	0.276742540993
2	14475	135.746428984733	0.189284643012
2	14531	136.140703669156	0.394274684423
2	14611	137.322754635176	1.18205096602
2	14627	137.4405046838	0.117750048624
2	14693	138.402429954552	0.961925270752
2	14701	138.405849284611	0.003419330059
2	14709	138.52966496772	0.123815683109
2	14749	138.736893294563	0.207228326843
2	14913	140.372874730142	1.635981435579
2	14921	140.382839656173	0.009964926031
2	14975	140.765901133639	0.383061477466
2	14983	140.895562005093	0.129660871454
2	15000	140.974352915555	0.078790910462
2	15008	141.009822468602	0.035469553047
2	15032	141.081454774799	0.071632306197
2	15048	141.232121591315	0.150666816516
2	15089	141.575479742936	0.343358151621
2	15138	142.021179405647	0.445699662711
2	15154	142.164324170588	0.143144764941
2	15282	142.928840303112	0.764516132524
2	15298	142.998160048025	0.069319744913
2	15306	143.022993390446	0.024833342421
3	64	0.394455346139	0.394455346139
3	152	1.041060388207	0.646605042068
3	168	1.092993488943	0.051933100736
3	240	1.498777523967	0.405784035024
3	248	1.501591774059	0.002814250092
3	336	2.235976295524	0.734384521465
3	360	2.308877265043	0.072900969519
3	368	2.320842770762	0.011965505719
3	376	2.359224592355	0.038381821593
3	392	2.867529001761	0.508304409406
3	416	2.96005345379	0.092524452029
3	424	2.996502923455	0.036449469665
3	432	3.081901535816	0.085398612361
3	456	3.150080419171	0.068178883355
3	488	3.547853153165	0.397772733994
3	609	4.832975488465	1.2851223353
3	625	4.906667055339	0.073691566874
3	641	4.971006279031	0.064339223692
3	657	5.101335403814	0.130329124783
3	713	5.577650342081	0.476314938267
3	737	5.639705747772	0.062055405691
3	777	5.962699073462	0.32299332569
3	825	6.551077202593	0.588378129131
3	833	6.568969763467	0.017892560874
3	902	7.179509713713	0.610539950246
3	918	7.259587218848	0.080077505135
3	942	7.7395180474	0.479930828552
3	1006	8.535530691708	0.796012644308
3	1094	9.148384830743	0.612854139035
3	1102	9.272183578761	0.123798748018
3	1118	9.717177767903	0.444994189142
3	1148	10.202323098623	0.48514533072
3	1192	10.456767250506	0.254444151883
3	1290	10.733268079588	0.276500829082
3	1298	10.738220085117	0.004952005529
3	1355	11.156691896495	0.418471811378
3	1371	11.232174765792	0.075482869297
3	1387	11.259251163016	0.027076397224
3	1412	11.331753583803	0.072502420787
3	1420	11.349325215101	0.017571631298
3	1436	11.470721040066	0.121395824965
3	1524	12.522242824193	1.051521784127
3	1572	13.039190803701	0.516947979508
3	1708	14.067999701063	1.028808897362
3	1740	14.264189265198	0.196189564135
3	1748	14.270705022671	0.006515757473
3	1788	14.934243691202	0.663538668531
3	1797	15.112105464584	0.177861773382
3	1821	15.2750587939	0.162953329316
3	1829	15.326866146132	0.051807352232
3	1845	15.39922299943	0.072356853298
3	1853	15.478892984136	0.079669984706
3	1917	15.854821104634	0.375928120498
3	1957	16.568543887238	0.713722782604
3	2014	17.188207709834	0.619663822596
3	2022	17.228340898548	0.040133188714
3	2030	17.273872517984	0.045531619436
3	2054	17.351988240746	0.078115722762
3	2062	17.461591776156	0.10960353541
3	2070	17.472102048183	0.010510272027
3	2086	17.618850871369	0.146748823186
3	2110	17.957969122863	0.339118251494
3	2166	18.467429642574	0.509460519711
3	2206	18.97051454316	0.503084900586
3	2222	19.03949673823	0.06898219507
3	2238	19.21393550144	0.17443876321
3	2246	19.369866174649	0.155930673209
3	2262	19.489253301041	0.119387126392
3	2302	19.78898868455	0.299735383509
3	2318	19.868773792225	0.079785107675
3	2334	20.018728371125	0.1499545789
3	2351	20.376430775747	0.357702404622
3	2359	20.388563769044	0.012132993297
3	2444	21.066373567837	0.677809798793
3	2484	21.367732724624	0.301359156787
3	2517	21.76057158583	0.392838861206
3	2549	21.804465469902	0.043893884072
3	2557	21.89507479095	0.090609321048
3	2606	22.851432218631	0.956357427681
3	2638	23.285880619815	0.434448401184
3	2678	23.735232127268	0.449351507453
3	2702	23.888408068048	0.15317594078
3	2766	24.292090817145	0.403682749097
3	2806	25.057922915973	0.765832098828
3	2814	25.083970616566	0.026047700593
3	2870	25.459608783846	0.37563816728
3	2878	25.481546450998	0.021937667152
3	2894	25.529941235855	0.048394784857
3	2902	25.533974143008	0.004032907153
3	2926	25.860311811347	0.326337668339
3	3030	26.484194259033	0.623882447686
3	3038	26.58506582134	0.100871562307
3	3062	26.993063692526	0.407997871186
3	3142	27.928597138952	0.935533446426
3	3222	28.514970741732	0.58637360278
3	3294	29.309371237171	0.794400495439
3	3318	29.45678214456	0.147410907389
3	3358	29.854092999642	0.397310855082
3	3406	30.352577467159	0.498484467517
3	3431	30.568268563967	0.215691096808
3	3439	30.616807372341	0.048538808374
3	3456	30.870691827131	0.25388445479
3	3488	31.114405600412	0.243713773281
3	3521	31.460554941421	0.346149341009
3	3537	31.677940824914	0.217385883493
3	3562	32.17751401973	0.499573194816
3	3597	32.570557395741	0.393043376011
3	3614	32.761320342537	0.190762946796
3	3662	33.26092101755	0.499600675013
3	3686	33.350096550043	0.089175532493
3	3735	33.878577704227	0.528481154184
3	3905	35.52409042655	1.645512722323
3	3961	35.789231241445	0.265140814895
3	3977	36.062264658347	0.273033416902
3	3985	36.145136387999	0.082871729652
3	3993	36.182097096072	0.036960708073
3	4025	36.332674654579	0.150577558507
3	4041	36.547984365437	0.215309710858
3	4153	37.160887314037	0.6129029486
3	4241	37.937167509905	0.776280195868
3	4257	37.977834202196	0.040666692291
3	4265	38.198431922908	0.220597720712
3	4289	38.365998258668	0.16756633576
3	4297	38.64530154994	0.279303291272
3	4346	39.198299897868	0.552998347928
3	4354	39.204822512688	0.00652261482
3	4363	39.251912862787	0.047090350099
3	4371	39.272364949271	0.020452086484
3	4387	39.445387415799	0.173022466528
3	4519	40.525402071037	1.080014655238
3	4543	40.640410137348	0.115008066311
3	4585	41.105056905397	0.464646768049
3	4603	41.274488625788	0.169431720391
3	4611	41.300398122727	0.025909496939
3	4644	41.63418591742	0.333787794693
3	4660	41.854745968821	0.220560051401
3	4684	41.914812420591	0.06006645177
3	4740	42.584418736761	0.66960631617
3	4773	42.777524681349	0.193105944588
3	4781	42.904126821497	0.126602140148
3	4805	43.335517950827	0.43139112933
3	4830	43.386798708231	0.051280757404
3	4838	43.410716372521	0.02391766429
3	4862	44.071928695286	0.661212322765
3	4870	44.255828195958	0.183899500672
3	4878	44.315265192106	0.059436996148
3	4913	44.583134243946	0.26786905184
3	4923	44.620258791055	0.037124547109
3	5013	45.947248417065	1.32698962601
3	5029	46.079709098318	0.132460681253
3	5037	46.231234801885	0.151525703567
3	5045	46.520753628801	0.289518826916
3	5117	47.352718009973	0.831964381172
3	5125	47.376146126185	0.023428116212
3	5136	47.886176513359	0.510030387174
3	5146	47.896553110621	0.010376597262
3	5178	48.182759333066	0.286206222445
3	5194	48.308789718334	0.126030385268
3	5250	48.819280823117	0.510491104783
3	5259	48.99408772464	0.174806901523
3	5371	49.81430099487	0.82021327023
3	5379	49.905552854189	0.091251859319
3	5459	50.531472724074	0.625919869885
3	5491	50.799779588976	0.268306864902
3	5539	51.114887593506	0.31510800453
3	5547	51.161594518129	0.046706924623
3	5579	51.314773447935	0.153178929806
3	5587	51.529323671559	0.214550223624
3	5637	52.059290812012	0.529967140453
3	5662	52.355456784575	0.296165972563
3	5680	52.440292523966	0.084835739391
3	5824	54.24464167183	1.804349147864
3	5912	55.378307442712	1.133665770882
3	5928	55.491430403113	0.113122960401
3	5984	56.048816199948	0.557385796835
3	6024	56.654410686923	0.605594486975
3	6109	57.529277334236	0.874866647313
3	6157	58.189604782319	0.660327448083
3	6165	58.22166199743	0.032057215111
3	6181	58.233566749157	0.011904751727
3	6205	58.418826685864	0.185259936707
3	6253	58.860335121449	0.441508435585
3	6261	58.953732987937	0.093397866488
3	6277	59.079969480157	0.12623649222
3	6341	59.502791346439	0.422821866282
3	6365	59.591855496913	0.089064150474
3	6373	59.654620906878	0.062765409965
3	6405	60.086825713836	0.432204806958
3	6478	60.921433653073	0.834607939237
3	6510	61.011247339406	0.089813686333
3	6534	61.379180671161	0.367933331755
3	6542	61.692882767108	0.313702095947
3	6574	61.883096621697	0.190213854589
3	6582	61.972518370872	0.089421749175
3	6638	62.627446064013	0.654927693141
3	6662	62.680861873348	0.053415809335
3	6678	62.89221665726	0.211354783912
3	6704	63.275376033393	0.383159376133
3	6786	63.717824770687	0.442448737294
3	6810	63.871422236492	0.153597465805
3	6868	64.332193998747	0.460771762255
3	6876	64.33489960934	0.002705610593
3	6908	64.44583177281	0.11093216347
3	6916	64.498532804677	0.052701031867
3	6924	64.541673255288	0.043140450611
3	7020	65.169790587026	0.628117331738
3	7028	65.244621154985	0.074830567959
3	7044	65.486512717617	0.241891562632
3	7052	65.549584992494	0.063072274877
3	7060	65.87866312257	0.329078130076
3	7092	66.304085699984	0.425422577414
3	7124	66.649189654562	0.345103954578
3	7141	66.928813710977	0.279624056415
3	7187	67.498763382225	0.569949671248
3	7251	67.820884490406	0.322121108181
3	7259	68.103142922817	0.282258432411
3	7307	68.407052471159	0.303909548342
3	7323	68.588867436861	0.181814965702
3	7350	68.770029309995	0.181161873134
3	7406	69.081700413408	0.311671103413
3	7438	69.190137286638	0.10843687323
3	7567	70.62854540714	1.438408120502
3	7583	70.670148264672	0.041602857532
3	7591	70.701971972641	0.031823707969
3	7623	70.931193499365	0.229221526724
3	7647	71.079105391348	0.147911891983
3	7655	71.143359452761	0.064254061413
3	7703	71.878224501387	0.734865048626
3	7711	71.885392145181	0.007167643794
3	7719	72.158798034159	0.273405888978
3	7775	72.87248334257	0.713685308411
3	7791	73.010071511248	0.137588168678
3	7864	73.795048366184	0.784976854936
3	7872	73.848629953193	0.053581587009
3	7889	73.968979854461	0.120349901268
3	7897	73.976672616308	0.007692761847
3	7929	74.162552744833	0.185880128525
3	8002	74.658817975169	0.496265230336
3	8026	74.761959171181	0.103141196012
3	8042	74.889748073797	0.127788902616
3	8074	75.504563580097	0.6148155063
3	8082	75.556677457027	0.05211387693
3	8114	75.887476741166	0.330799284139
3	8134	76.114947291027	0.227470549861
3	8176	76.321706434229	0.206759143202
3	8184	76.37787948459	0.056173050361
3	8208	76.644930187246	0.267050702656
3	8224	76.729622283368	0.084692096122
3	8305	77.575856147462	0.846233864094
3	8313	77.609422499589	0.033566352127
3	8353	77.977772530935	0.368350031346
3	8435	78.553794551512	0.576022020577
3	8515	79.126869687136	0.573075135624
3	8523	79.230320368242	0.103450681106
3	8555	79.659936079724	0.429615711482
3	8563	79.708069930508	0.048133850784
3	8571	79.723737556914	0.015667626406
3	8579	79.84067494844	0.116937391526
3	8604	80.321158787	0.48048383856
3	8644	80.6808085053	0.3596497183
3	8660	80.788343245526	0.107534740226
3	8692	80.966700287717	0.178357042191
3	8708	81.06675059338	0.100050305663
3	8740	81.47425157487	0.40750098149
3	8764	81.952582652825	0.478331077955
3	8813	82.780325521316	0.827742868491
3	8837	82.937873443436	0.15754792212
3	8889	83.652547483187	0.714674039751
3	8937	83.939884908577	0.28733742539
3	8986	84.234562383366	0.294677474789
3	9050	84.827040962631	0.592478579265
3	9058	84.84112344256	0.014082479929
3	9066	85.014220125266	0.173096682706
3	9098	85.275219826489	0.260999701223
3	9122	85.459229419023	0.184009592534
3	9146	85.545149653996	0.085920234973
3	9154	85.613041855655	0.067892201659
3	9162	85.794990977012	0.181949121357
3	9173	85.839623632204	0.044632655192
3	9178	85.839701404837	7.7772633e-05
3	9227	86.467640186279	0.627938781442
3	9259	86.69711906326	0.229478876981
3	9294	87.0590630298	0.36194396654
3	9336	87.603654702402	0.544591672602
3	9392	88.02566358862	0.422008886218
3	9546	89.637422600548	1.611759011928
3	9570	89.799344924195	0.161922323647
3	9578	89.912005274063	0.112660349868
3	9594	89.942856115521	0.030850841458
3	9643	90.207623493039	0.264767377518
3	9699	90.718154987882	0.510531494843
3	9707	90.752388867635	0.034233879753
3	9731	90.988608200715	0.23621933308
3	9739	91.130780005419	0.142171804704
3	9788	91.62476735481	0.493987349391
3	9796	91.666507129315	0.041739774505
3	9876	92.290190806109	0.623683676794
3	9908	92.888393717995	0.598202911886
3	9964	93.233960768965	0.34556705097
3	10012	93.879092104942	0.645131335977
3	10036	94.135263289094	0.256171184152
3	10047	94.327283801048	0.192020511954
3	10088	94.778480211053	0.451196410005
3	10096	94.895434261825	0.116954050772
3	10175	95.664472247033	0.769037985208
3	10223	95.914059701956	0.249587454923
3	10263	96.272915396583	0.358855694627
3	10336	96.782355002862	0.509439606279
3	10352	97.021697253824	0.239342250962
3	10400	97.270977533233	0.249280279409
3	10417	97.536316333135	0.265338799902
3	10425	97.554847412481	0.018531079346
3	10433	97.668568520835	0.113721108354
3	10441	97.816322674243	0.147754153408
3	10465	98.171186126518	0.354863452275
3	10498	98.567382078442	0.396195951924
3	10530	98.669944447205	0.102562368763
3	10586	98.974938771094	0.304994323889
3	10666	99.547966417136	0.573027646042
3	10698	99.900250193712	0.352283776576
3	10723	100.420536701835	0.520286508123
3	10768	100.680185408541	0.259648706706
3	10784	100.972398807896	0.292213399355
3	10827	101.473313522007	0.500914714111
3	10845	101.587004461595	0.113690939588
3	10863	101.775604962463	0.188600500868
3	10905	102.271425816674	0.495820854211
3	10947	102.743925964146	0.472500147472
3	10957	102.921864378118	0.177938413972
3	11006	103.714437770362	0.792573392244
3	11022	103.920793519072	0.20635574871
3	11063	104.584653050723	0.663859531651
3	11082	104.627872867278	0.043219816555
3	11106	105.230492053288	0.60261918601
3	11122	105.270067395201	0.039575341913
3	11146	105.569924300615	0.299856905414
3	11154	105.626910177088	0.056985876473
3	11162	105.737656594635	0.110746417547
3	11179	105.85482193043	0.117165335795
3	11236	106.287300966413	0.432479035983
3	11367	107.563509112917	1.276208146504
3	11407	107.83274080723	0.269231694313
3	11415	107.969881449848	0.137140642618
3	11447	108.23237563092	0.262494181072
3	11571	109.415078306117	1.182702675197
3	11627	109.819154632232	0.404076326115
3	11740	110.702114297178	0.882959664946
3	11748	110.745838312739	0.043724015561
3	11804	111.05353406166	0.307695748921
3	11812	111.156227062259	0.102693000599
3	11820	111.201491103289	0.04526404103
3	11876	112.035324237158	0.833833133869
3	11909	112.189325684986	0.154001447828
3	11925	112.459108985032	0.269783300046
3	11933	112.49758112315	0.038472138118
3	11957	112.802673515485	0.305092392335
3	12070	114.041885675441	1.239212159956
3	12078	114.092059285111	0.05017360967
3	12094	114.163444058283	0.071384773172
3	12110	114.335780589847	0.172336531564
3	12150	114.545596431719	0.209815841872
3	12166	114.639149756103	0.093553324384
3	12198	115.124218880648	0.485069124545
3	12239	115.375961244257	0.251742363609
3	12247	115.414475911582	0.038514667325
3	12335	116.36791390822	0.953437996638
3	12359	116.484270158704	0.116356250484
3	12391	116.798798614146	0.314528455442
3	12423	117.03426882138	0.235470207234
3	12463	117.362156808365	0.327887986985
3	12471	117.390600221119	0.028443412754
3	12495	117.541457811929	0.15085759081
3	12503	117.650395964034	0.108938152105
3	12536	117.95155899086	0.301163026826
3	12560	118.068874018676	0.117315027816
3	12592	118.165907031803	0.097033013127
3	12608	118.500462524622	0.334555492819
3	12616	118.518863752415	0.018401227793
3	12632	118.67771223519	0.158848482775
3	12648	118.834581218232	0.156868983042
3	12656	118.91185171869	0.077270500458
3	12673	119.199540150432	0.287688431742
3	12774	120.715348125331	1.515807974899
3	12824	120.916408140805	0.201060015474
3	12840	120.946935813076	0.030527672271
3	12872	121.203335773197	0.256399960121
3	12896	121.41501333997	0.211677566773
3	12912	121.650164399823	0.235151059853
3	12928	121.703542605029	0.053378205206
3	12936	121.77839432684	0.074851721811
3	12952	121.833011838326	0.054617511486
3	12992	122.348745321693	0.515733483367
3	13040	122.737605214836	0.388859893143
3	13155	123.748987849467	1.011382634631
3	13203	124.278336042135	0.529348192668
3	13227	124.425961288812	0.147625246677
3	13243	124.540584555521	0.114623266709
3	13259	124.729510060989	0.188925505468
3	13307	125.057313867539	0.32780380655
3	13315	125.11037052032	0.053056652781
3	13323	125.192458602392	0.082088082072
3	13339	125.272445523396	0.079986921004
3	13355	125.334818257695	0.062372734299
3	13387	125.826513784763	0.491695527068
3	13419	126.021271362301	0.194757577538
3	13427	126.052893407498	0.031622045197
3	13499	127.083682672538	1.03078926504
3	13539	127.901444355416	0.817761682878
3	13588	128.399021531219	0.497577175803
3	13604	128.495742695587	0.096721164368
3	13644	128.807542191658	0.311799496071
3	13652	128.821781954272	0.014239762614
3	13668	128.900036628614	0.078254674342
3	13748	129.542723638348	0.642687009734
3	13772	129.69282208528	0.150098446932
3	13788	129.842692004855	0.149869919575
3	13836	130.144028353923	0.301336349068
3	13844	130.218597759143	0.07456940522
3	13901	130.711037375802	0.492439616659
3	13942	130.951655275632	0.24061789983
3	13975	131.203799209449	0.252143933817
3	14071	131.969674560691	0.765875351242
3	14119	132.220191220661	0.25051665997
3	14135	132.276330780659	0.056139559998
3	14143	132.366688740649	0.09035795999
3	14159	132.378757844931	0.012069104282
3	14191	132.834634016364	0.455876171433
3	14207	132.926150739653	0.091516723289
3	14223	133.179089913496	0.252939173843
3	14239	133.374737123584	0.195647210088
3	14247	133.545586041311	0.170848917727
3	14255	133.61952010287	0.073934061559
3	14296	134.169159255713	0.549639152843
3	14320	134.318435279449	0.149276023736
3	14411	135.060209445371	0.741774165922
3	14419	135.237723691302	0.177514245931
3	14427	135.259957067492	0.02223337619
3	14467	135.741682902401	0.481725834909
3	14483	135.837643017466	0.095960115065
3	14491	135.86599219517	0.028349177704
3	14499	135.995339843942	0.129347648772
3	14523	136.126309404297	0.130969560355
3	14555	136.389780722881	0.263471318584
3	14563	136.448510426653	0.058729703772
3	14636	137.833733457268	1.385223030615
3	14644	137.997521924746	0.163788467478
3	14676	138.323690670893	0.326168746147
3	14684	138.395056153659	0.071365482766
3	14741	138.663981036367	0.268924882708
3	14765	138.821413418832	0.157432382465
3	14829	139.591730446555	0.770317027723
3	14854	139.850729208659	0.258998762104
3	14862	140.030796854313	0.180067645654
3	14870	140.085207170874	0.054410316561
3	14878	140.12127049522	0.036063324346
3	14905	140.332335014248	0.211064519028
3	14939	140.488503563234	0.156168548986
3	14957	140.517524032814	0.02902046958
3	14967	140.597919263843	0.080395231029
3	15024	141.079932399596	0.482013135753
3	15064	141.314971184827	0.235038785231
3	15072	141.361239240306	0.046268055479
3	15080	141.400508392831	0.039269152525
3	15202	142.506985404929	1.106477012098
3	15226	142.573665189821	0.066679784892
3	15234	142.594015733386	0.020350543565
3	15258	142.719176361539	0.125160628153
3	15274	142.858999715667	0.139823354128
3	15330	143.181636114472	0.322636398805
